44267769
43107309
26801133
24364131
14621544
14411104
11096122
10907970
9109697
8044700
8007657
7661039
7600846
6594428
5713422
5630714
5122070
5097767
4889766
4788220
4214631
3916959
3681804
3586585
3225435
3196623
3085923
2616157
2352302
2350883
2296945
1838857
1723416
1661086
1573744
1550435
1503652
1497788
1474823
1465924
1453390
1436357
1435640
1407654
1358205
1330978
1243135
1192366
1161491
1103757
1072313
1009557
996159
946542
930531
891178
879834
868090
842678
825040
789825
789394
780202
780124
774713
774362
761512
720772
717254
566223
652460
652132
640302
636029
634401
618431
563786
555110
533331
528556
518730
508744
482119
459781
447191
409950
388588
387628
377309
376346
368314
365475
356616
355186
338415
336537
336300
331320
329365
325714
318759
317389
316074
312333
302155
299651
298557
291629
291412
289093
282512
280048
266123
265300
256643
249711
248351
247807
245906
228664
228634
224877
223813
220640
217148
201747
198438
196714
184623
182330
180879
179205
174874
173728
101447
100169
171239
169858
145933
144386
132534
131887
128564
126521
122907
119274
117816
116545
107511
104731
101734
100062
98132
97296
96967
93900
93457
92686
88099
87885
87797
86773
85352
84077
83975
83802
83753
82825
82343
80715
75539
75446
74789
74065
73887
73040
73019
72808
71165
70682
70386
69243
68777
67041
64692
64541
64405
62848
62423
60588
60056
59817
59467
58350
58255
56565
56264
55854
55238
50629
49152
48810
48256
47478
45080
43660
43402
43278
42676
42231
41954
41626
41486
38261
37977
37735
36503
36082
35991
35500
35422
34618
34180
34008
33480
33153
32846
32575
32394
32248
31881
31874
30655
30313
30246
29891
29849
29005
28787
28477
27724
27530
26721
26283
25802
25687
24991
24913
24689
24653
24230
24147
23887
22225
20724
20712
19895
18501
17891
20476
20250
19731
19680
19338
19118
18961
18789
18743
18383
18375
18142
17573
17504
17026
16867
15759
14988
14669
14219
13538
13511
12980
12829
12498
39892
12666
236418
60107
55625
40754
23407
20200
11844
76265
31424
24532
21854
25550
20065
16569
16346
16011
32592
122664
50568
15946
13491
12862
11983
11413
10894
10409
10325
9961
9903
9589
9302
8560
8353
8054
7817
11649
35120
7388
31185
11041
10350
36358
9894
